[ [ 3.97417e+09,	5.20187e+09,	6.22074e+09,	6.50005e+09,	6.09485e+09,	5.65839e+07,	5.34284e+09,	2.56322e+09,	2.48767e+09,	2.4332e+09,	2.39263e+09,	2.36153e+09,	2.33708e+09,	-nan(ind),	1.11013e+09,	7.21656e+08,	 ],[ 5.20187e+09,	1.03659e+10,	1.49141e+10,	1.53618e+10,	1.348e+10,	1.1671e+08,	1.03817e+10,	4.74586e+09,	4.43114e+09,	4.20077e+09,	4.02653e+09,	3.89095e+09,	3.78285e+09,	-nan(ind),	-6.15396e+08,	-4.93912e+08,	 ],[ 6.22074e+09,	1.49141e+10,	2.50163e+10,	2.76752e+10,	2.51186e+10,	2.2077e+08,	1.97528e+10,	9.0424e+09,	8.43665e+09,	7.98439e+09,	7.637e+09,	7.36324e+09,	7.14268e+09,	-nan(ind),	-2.75145e+09,	-2.02144e+09,	 ],[ 6.50005e+09,	1.53618e+10,	2.76752e+10,	3.34025e+10,	3.23991e+10,	2.97852e+08,	2.7478e+10,	1.28536e+10,	1.21841e+10,	1.16705e+10,	1.12681e+10,	1.09462e+10,	1.06837e+10,	-nan(ind),	-2.35559e+09,	-1.77588e+09,	 ],[ 6.09485e+09,	1.348e+10,	2.51186e+10,	3.23991e+10,	3.30783e+10,	3.14623e+08,	2.96985e+10,	1.41184e+10,	1.35426e+10,	1.30893e+10,	1.27279e+10,	1.24349e+10,	1.21936e+10,	-nan(ind),	-1.06162e+09,	-8.84098e+08,	 ],[ 5.65839e+07,	1.1671e+08,	2.2077e+08,	2.97852e+08,	3.14623e+08,	3.05947e+06,	2.93084e+08,	1.40774e+08,	1.36058e+08,	1.32264e+08,	1.29194e+08,	1.2668e+08,	1.24594e+08,	-nan(ind),	-700259,	-1.94293e+06,	 ],[ 5.34284e+09,	1.03817e+10,	1.97528e+10,	2.7478e+10,	2.96985e+10,	2.93084e+08,	2.83518e+10,	1.37112e+10,	1.33184e+10,	1.29964e+10,	1.27328e+10,	1.25152e+10,	1.23335e+10,	-nan(ind),	5.68981e+08,	2.52092e+08,	 ],[ 2.56322e+09,	4.74586e+09,	9.0424e+09,	1.28536e+10,	1.41184e+10,	1.40774e+08,	1.37112e+10,	6.6626e+09,	6.49438e+09,	6.35429e+09,	6.23846e+09,	6.14222e+09,	6.06149e+09,	-nan(ind),	4.92544e+08,	2.71757e+08,	 ],[ 2.48767e+09,	4.43114e+09,	8.43665e+09,	1.21841e+10,	1.35426e+10,	1.36058e+08,	1.33184e+10,	6.49438e+09,	6.34668e+09,	6.22193e+09,	6.11793e+09,	6.03102e+09,	5.95784e+09,	-nan(ind),	6.34336e+08,	3.71238e+08,	 ],[ 2.4332e+09,	4.20077e+09,	7.98439e+09,	1.16705e+10,	1.30893e+10,	1.32264e+08,	1.29964e+10,	6.35429e+09,	6.22193e+09,	6.10875e+09,	6.0137e+09,	5.9339e+09,	5.86648e+09,	-nan(ind),	7.35569e+08,	4.42358e+08,	 ],[ 2.39263e+09,	4.02653e+09,	7.637e+09,	1.12681e+10,	1.27279e+10,	1.29194e+08,	1.27328e+10,	6.23846e+09,	6.11793e+09,	6.0137e+09,	5.92561e+09,	5.85135e+09,	5.78842e+09,	-nan(ind),	8.10814e+08,	4.95274e+08,	 ],[ 2.36153e+09,	3.89095e+09,	7.36324e+09,	1.09462e+10,	1.24349e+10,	1.2668e+08,	1.25152e+10,	6.14222e+09,	6.03102e+09,	5.9339e+09,	5.85135e+09,	5.7815e+09,	5.72217e+09,	-nan(ind),	8.68648e+08,	5.3598e+08,	 ],[ 2.33708e+09,	3.78285e+09,	7.14268e+09,	1.06837e+10,	1.21936e+10,	1.24594e+08,	1.23335e+10,	6.06149e+09,	5.95784e+09,	5.86648e+09,	5.78842e+09,	5.72217e+09,	5.66577e+09,	-nan(ind),	9.14347e+08,	5.68165e+08,	 ],[ -nan(ind),	-nan(ind),	-nan(ind),	-nan(ind),	-nan(ind),	-nan(ind),	-nan(ind),	-nan(ind),	-nan(ind),	-nan(ind),	-nan(ind),	-nan(ind),	-nan(ind),	-nan(ind),	-nan(ind),	-nan(ind),	 ],[ 1.11013e+09,	-6.15396e+08,	-2.75145e+09,	-2.35559e+09,	-1.06162e+09,	-700259,	5.68981e+08,	4.92544e+08,	6.34336e+08,	7.35569e+08,	8.10814e+08,	8.68648e+08,	9.14347e+08,	-nan(ind),	2.77646e+09,	1.89979e+09,	 ],[ 7.21656e+08,	-4.93912e+08,	-2.02144e+09,	-1.77588e+09,	-8.84098e+08,	-1.94293e+06,	2.52092e+08,	2.71757e+08,	3.71238e+08,	4.42358e+08,	4.95274e+08,	5.3598e+08,	5.68165e+08,	-nan(ind),	1.89979e+09,	1.30304e+09,	 ], ]